0 0.311291 0.485040 0.118205 0.374863
0 0.758423 0.585694 0.098116 0.273998
0 0.383864 0.448515 0.075178 0.199190
1 0.392124 0.379027 0.020943 0.036864
0 0.455323 0.475541 0.081439 0.243537
2 0.776455 0.494281 0.024377 0.041805
1 0.323107 0.340264 0.034470 0.057070
2 0.464262 0.388085 0.020353 0.039517
0 0.958918 0.721305 0.081940 0.363950
3 0.457063 0.524165 0.019118 0.027476
0 0.508144 0.481896 0.071788 0.199623
3 0.386762 0.479355 0.016774 0.024580
3 0.754903 0.628576 0.022681 0.030864
1 0.768842 0.483512 0.022819 0.040052
3 0.286556 0.540069 0.030128 0.042773