0 0.863537 0.792223 0.140329 0.415555
1 0.871428 0.629887 0.043299 0.073257
0 0.371741 0.697645 0.109838 0.345311
3 0.903312 0.933742 0.032881 0.051187
1 0.381743 0.558492 0.032716 0.051088
3 0.513660 0.678921 0.017154 0.021931
0 0.058103 0.665883 0.115464 0.392562
1 0.611755 0.558848 0.018897 0.038078
1 0.567000 0.560247 0.025052 0.036680
1 0.017200 0.505479 0.034400 0.056169
1 0.130668 0.509396 0.028442 0.041888
0 0.528198 0.605018 0.095396 0.272402
0 0.667398 0.636858 0.044627 0.178182
0 0.131613 0.644287 0.110777 0.321334
0 0.610329 0.638179 0.057719 0.206674
1 0.563780 0.556138 0.025235 0.041619