1 0.571091 0.418785 0.028200 0.047524
1 0.460463 0.410932 0.036708 0.061262
1 0.807165 0.434305 0.050109 0.085494
0 0.468036 0.590336 0.113435 0.438090
0 0.570428 0.548398 0.088302 0.321290
3 0.794624 0.738199 0.039531 0.045476
0 0.804789 0.646795 0.137335 0.533266
1 0.652392 0.450896 0.036843 0.056009
3 0.647441 0.657182 0.028871 0.040205
0 0.674035 0.594180 0.156625 0.384667
3 0.714356 0.626966 0.024548 0.032873
0 0.401482 0.527401 0.070853 0.282779
2 0.405224 0.419717 0.024780 0.049509
1 0.721684 0.455337 0.030297 0.048443
2 0.606907 0.441798 0.024543 0.044791
3 0.454984 0.660376 0.027779 0.038747
3 0.579207 0.611144 0.023581 0.031982