0 0.696730 0.666383 0.196889 0.649027
0 0.562998 0.605998 0.114985 0.473760
0 0.488178 0.531789 0.081744 0.306609
3 0.698901 0.809943 0.043317 0.060374
3 0.749259 0.715907 0.033955 0.046625
1 0.690185 0.407275 0.050007 0.087545
3 0.571781 0.698287 0.033761 0.044907
1 0.735187 0.408199 0.047021 0.084982
1 0.919707 0.435773 0.042011 0.069754
0 0.915792 0.623683 0.148314 0.469422
3 0.474691 0.577345 0.022120 0.028950
2 0.573042 0.417621 0.037714 0.072893
1 0.485948 0.415276 0.024383 0.042805
1 0.571009 0.414424 0.041250 0.075384
3 0.943604 0.685947 0.036202 0.043005
1 0.476589 0.411856 0.025724 0.046706