1 0.461379 0.415488 0.038340 0.065091
1 0.573002 0.427132 0.031507 0.051456
0 0.815616 0.655151 0.136616 0.525429
1 0.819344 0.444080 0.048742 0.079222
0 0.466879 0.597683 0.120339 0.447574
1 0.657444 0.459051 0.041293 0.060780
0 0.574220 0.558161 0.099802 0.332406
3 0.808022 0.738646 0.038930 0.044892
0 0.400685 0.532115 0.074670 0.291152
2 0.404071 0.424254 0.026563 0.054856
1 0.727175 0.464090 0.031739 0.054285
0 0.672957 0.602370 0.196760 0.396361
3 0.720022 0.636517 0.025297 0.032583
3 0.650255 0.671366 0.031129 0.040644
2 0.607232 0.451580 0.026382 0.048103
3 0.579698 0.622711 0.024948 0.032407
1 0.686613 0.453716 0.025768 0.044510
3 0.454081 0.669498 0.027869 0.040234
3 0.392103 0.569899 0.021805 0.030325