0 0.253425 0.677393 0.232393 0.645214
0 0.514735 0.675069 0.132690 0.437517
0 0.392360 0.672834 0.117020 0.465508
1 0.524833 0.496952 0.038352 0.062652
3 0.414088 0.749852 0.034334 0.051131
1 0.215032 0.433944 0.054615 0.075264
3 0.556669 0.731380 0.030406 0.041797
2 0.920153 0.552111 0.044247 0.070353
1 0.273080 0.430850 0.081094 0.129637
3 0.226464 0.964112 0.064756 0.071777
1 0.394248 0.486881 0.039738 0.071139
2 0.394273 0.486829 0.039417 0.071158
1 0.873447 0.558573 0.038444 0.062236
2 0.273319 0.433839 0.081097 0.135260