0 0.438516 0.618604 0.131755 0.456086
0 0.839700 0.667308 0.135746 0.505612
1 0.440556 0.436534 0.037145 0.063086
1 0.847260 0.466242 0.048028 0.077784
1 0.578059 0.448870 0.031136 0.054113
3 0.836306 0.768233 0.037174 0.043862
0 0.682040 0.638556 0.179921 0.449885
3 0.724809 0.656374 0.024618 0.030977
0 0.575328 0.585406 0.104910 0.344226
3 0.651585 0.712582 0.032600 0.041901
3 0.443003 0.695115 0.028938 0.039833
1 0.739573 0.440218 0.041102 0.060509
1 0.726954 0.482762 0.033202 0.055305
1 0.660915 0.481371 0.048393 0.063873
2 0.613529 0.473503 0.026301 0.047429
2 0.726842 0.484068 0.032652 0.056213
3 0.576648 0.652174 0.024661 0.032687