0 0.435685 0.615913 0.133375 0.459592
0 0.867123 0.680244 0.144992 0.546337
1 0.580505 0.441945 0.031691 0.050549
1 0.440216 0.430613 0.038092 0.067567
3 0.439023 0.692834 0.031483 0.042068
1 0.873047 0.461123 0.048776 0.080207
3 0.869088 0.774287 0.039738 0.046303
3 0.660957 0.723497 0.034918 0.044950
0 0.585699 0.584452 0.120542 0.359169
0 0.266457 0.642290 0.275439 0.715419
1 0.732865 0.476226 0.036897 0.056016
1 0.670360 0.474279 0.041520 0.063386
0 0.663510 0.649503 0.228700 0.469260
0 0.062283 0.702734 0.123772 0.592429
0 0.700142 0.595840 0.154085 0.345799
1 0.754628 0.432336 0.040957 0.058114
2 0.019484 0.604588 0.038590 0.097454
1 0.283975 0.389620 0.087901 0.137743
1 0.621474 0.469977 0.028178 0.048300
3 0.582691 0.649821 0.026149 0.035066