0 0.873868 0.786388 0.130316 0.425060
0 0.374713 0.726291 0.119680 0.402960
1 0.880992 0.615546 0.035106 0.064957
3 0.907687 0.886519 0.031639 0.045916
0 0.543000 0.619007 0.089339 0.283906
1 0.384768 0.561581 0.034334 0.056433
1 0.638916 0.557357 0.020083 0.039257
3 0.533006 0.691025 0.018730 0.025498
1 0.598564 0.557623 0.019349 0.038787
3 0.604362 0.732082 0.021374 0.027590
0 0.641846 0.644364 0.051887 0.221666
0 0.106127 0.642018 0.111990 0.325613
0 0.598475 0.672297 0.072742 0.277320
0 0.699155 0.638399 0.052498 0.196295