0 0.934070 0.689694 0.131861 0.490531
0 0.604955 0.732773 0.207075 0.534454
0 0.809003 0.600868 0.104559 0.390026
3 0.817880 0.696833 0.028808 0.035149
1 0.970418 0.479027 0.034593 0.060521
1 0.814649 0.438682 0.029305 0.053306
1 0.947142 0.493062 0.039216 0.064438
1 0.174420 0.459333 0.034489 0.063943
1 0.628124 0.540529 0.064895 0.099554
0 0.037603 0.768969 0.074703 0.429897
3 0.983036 0.797081 0.033040 0.045544
3 0.104164 0.829810 0.039445 0.049245
1 0.022060 0.664922 0.044119 0.067627
0 0.172684 0.665627 0.170019 0.494301