0 0.559962 0.592447 0.107906 0.395109
0 0.673703 0.646646 0.153363 0.536590
0 0.446939 0.556751 0.086633 0.310290
1 0.448358 0.432993 0.029575 0.046184
1 0.702721 0.430863 0.038536 0.067775
3 0.682467 0.753674 0.037403 0.048554
1 0.674391 0.430071 0.042370 0.067759
0 0.835198 0.599238 0.102367 0.360974
1 0.845250 0.455744 0.029068 0.055904
3 0.575715 0.668811 0.029339 0.036557
1 0.566411 0.438423 0.035397 0.062936
3 0.435703 0.602824 0.023270 0.030640
3 0.853109 0.646175 0.028413 0.033214
2 0.568829 0.442167 0.031483 0.057414