1 0.437979 0.443520 0.036177 0.063024
0 0.552834 0.575090 0.090815 0.320082
1 0.551008 0.448277 0.027950 0.050785
0 0.447112 0.620432 0.117472 0.438723
1 0.697662 0.474978 0.031498 0.051812
0 0.656828 0.610428 0.172478 0.372579
1 0.629516 0.474423 0.035982 0.056068
3 0.627951 0.675394 0.027884 0.038406
3 0.560795 0.634657 0.022810 0.030426
3 0.692657 0.643492 0.024488 0.030691
1 0.387377 0.454543 0.027060 0.051425
0 0.383753 0.562733 0.071759 0.285743
1 0.586458 0.466462 0.026811 0.046830
1 0.706556 0.431363 0.037992 0.061344