0 0.427340 0.753031 0.157344 0.493938
0 0.624594 0.627009 0.097400 0.294808
0 0.711018 0.678347 0.115999 0.357185
1 0.743376 0.529844 0.026165 0.045995
1 0.443824 0.559962 0.042342 0.069531
1 0.702885 0.536476 0.024563 0.045921
3 0.619256 0.696461 0.021808 0.028268
3 0.395370 0.928914 0.039175 0.057525
3 0.717693 0.755530 0.027357 0.034879
0 0.812271 0.626473 0.066440 0.235145
1 0.102836 0.495294 0.035443 0.057650
0 0.096751 0.651635 0.141409 0.392529
1 0.624977 0.517741 0.027398 0.051109
1 0.808582 0.532766 0.018367 0.032938