1 0.570573 0.412953 0.027780 0.047336
0 0.568909 0.539715 0.085908 0.318000
0 0.466842 0.580030 0.112869 0.431008
1 0.457275 0.406040 0.037478 0.064027
1 0.788410 0.420055 0.050294 0.087981
3 0.774634 0.745701 0.042309 0.050879
1 0.649826 0.443980 0.035651 0.056197
0 0.791543 0.624395 0.134753 0.518701
1 0.717956 0.449190 0.031042 0.051995
2 0.405692 0.413750 0.024838 0.053105
0 0.665436 0.582217 0.152567 0.382370
3 0.646081 0.646096 0.028451 0.038934
0 0.401651 0.519788 0.069544 0.287303
3 0.578378 0.602327 0.023544 0.030794
2 0.606344 0.433103 0.024499 0.045635
3 0.711416 0.617786 0.024101 0.032662