0 0.515385 0.382385 0.082700 0.228266
0 0.280997 0.373839 0.137639 0.418586
0 0.380944 0.345209 0.084689 0.239623
1 0.384630 0.260785 0.025309 0.045052
0 0.451839 0.373227 0.094025 0.286973
0 0.703268 0.457333 0.110309 0.314457
1 0.283358 0.215812 0.039547 0.065003
1 0.455598 0.268340 0.025369 0.046289
3 0.438087 0.427956 0.022453 0.032150
3 0.251758 0.440157 0.031785 0.044899
2 0.728101 0.359995 0.026643 0.047316
1 0.711261 0.344833 0.025714 0.043398
2 0.522120 0.299277 0.021175 0.037795
3 0.704787 0.512253 0.024774 0.034847