0 0.923339 0.708378 0.153055 0.583244
1 0.463474 0.514462 0.031313 0.058843
3 0.972017 0.959872 0.055448 0.079488
0 0.468387 0.663493 0.102702 0.377143
0 0.678412 0.648039 0.092867 0.382920
0 0.557652 0.614091 0.077515 0.248527
3 0.545838 0.663176 0.018094 0.025657
1 0.957958 0.511782 0.065416 0.119926
1 0.550324 0.525110 0.019484 0.038983
1 0.566004 0.518478 0.019559 0.035438
3 0.451998 0.737177 0.027555 0.039873
3 0.681986 0.735542 0.026371 0.037975
2 0.677542 0.503247 0.032074 0.063526
1 0.677687 0.503582 0.031628 0.063893