1 0.642495 0.391320 0.030594 0.053186
0 0.643465 0.527578 0.105604 0.344772
1 0.233911 0.352509 0.041898 0.070126
1 0.482880 0.377659 0.039959 0.066127
1 0.733959 0.421767 0.049079 0.079106
0 0.492685 0.559618 0.121125 0.454760
0 0.234153 0.564925 0.158797 0.536202
0 0.953228 0.604478 0.093349 0.544231
0 0.385664 0.649564 0.201928 0.700873
3 0.469957 0.637234 0.030970 0.042249
3 0.734928 0.699642 0.041850 0.051483
1 0.778502 0.422811 0.036732 0.061212
1 0.973268 0.386983 0.050162 0.079882
3 0.348828 0.907903 0.064425 0.087801
2 0.225106 0.417555 0.040617 0.074084
0 0.738316 0.611472 0.203912 0.498150
3 0.193828 0.723256 0.039041 0.050934
3 0.630739 0.592998 0.026051 0.033954
1 0.379023 0.354482 0.059105 0.112754