0 0.698645 0.663994 0.174832 0.597519
0 0.472726 0.552436 0.086817 0.316800
0 0.572586 0.604741 0.112857 0.439356
1 0.729435 0.426664 0.045773 0.078869
1 0.691658 0.426470 0.046338 0.077303
3 0.702262 0.782688 0.042486 0.054702
1 0.472886 0.427635 0.029232 0.047787
3 0.581792 0.688432 0.031638 0.041220
3 0.460141 0.595757 0.023314 0.030467
1 0.888954 0.452989 0.035780 0.064999
1 0.579143 0.432061 0.037810 0.071017
3 0.744534 0.705064 0.030210 0.042738
2 0.582783 0.436305 0.033745 0.065188
0 0.886476 0.619273 0.127696 0.416410
1 0.575406 0.426109 0.032226 0.062967