0 0.664774 0.617793 0.165498 0.478381
1 0.686490 0.432730 0.046457 0.072594
1 0.619313 0.416613 0.023097 0.040258
0 0.426208 0.616606 0.173470 0.546977
1 0.459040 0.402713 0.033253 0.054904
0 0.476176 0.547821 0.089090 0.370466
0 0.400847 0.617488 0.121225 0.550068
0 0.441776 0.545992 0.158570 0.376101
0 0.542354 0.474234 0.048849 0.152833
1 0.409987 0.395189 0.042038 0.079870
3 0.690952 0.696742 0.036759 0.045188
3 0.383109 0.729851 0.041309 0.056019
0 0.618180 0.516105 0.072222 0.258004
2 0.410156 0.395525 0.043123 0.079921