0 0.684181 0.598703 0.120823 0.495699
0 0.575327 0.548892 0.097607 0.374498
1 0.455734 0.403362 0.029254 0.050363
0 0.454804 0.526378 0.081898 0.314128
1 0.684137 0.402204 0.035032 0.066473
3 0.689813 0.703001 0.034830 0.047468
3 0.590904 0.623435 0.026581 0.038331
3 0.445982 0.575135 0.022145 0.033341
1 0.568530 0.406960 0.027978 0.059962
1 0.582909 0.416143 0.025879 0.051265
0 0.822582 0.557768 0.079170 0.319185
1 0.833723 0.430102 0.025494 0.049362
3 0.836763 0.599988 0.024049 0.032986
2 0.582930 0.416833 0.026025 0.051929