0 0.490247 0.743592 0.177426 0.512816
0 0.908750 0.611090 0.071133 0.254177
0 0.805741 0.680636 0.131608 0.412354
0 0.699135 0.614774 0.100939 0.334136
1 0.836462 0.506205 0.027831 0.049259
3 0.699869 0.694672 0.025716 0.031573
1 0.509892 0.550544 0.048695 0.080212
1 0.798785 0.517532 0.032624 0.056337
3 0.822900 0.769920 0.032117 0.040409
1 0.125426 0.480405 0.039443 0.061272
1 0.906055 0.508512 0.022031 0.038535
0 0.121363 0.662208 0.154219 0.447509
3 0.922488 0.656457 0.020889 0.025011
0 0.016210 0.766908 0.032156 0.390340
1 0.482766 0.537983 0.042653 0.078002
0 0.026032 0.766070 0.052065 0.396421