0 0.737988 0.604808 0.196739 0.540003
1 0.765178 0.397005 0.052727 0.082360
1 0.502042 0.358751 0.037760 0.063836
1 0.429434 0.347074 0.048004 0.095325
3 0.501648 0.612846 0.031849 0.040265
3 0.424495 0.788416 0.047982 0.067716
0 0.427551 0.628336 0.150724 0.695155
0 0.524527 0.539070 0.125370 0.441532
3 0.778388 0.696226 0.040587 0.050557
0 0.474689 0.533441 0.195273 0.458694
3 0.419913 0.867799 0.028198 0.040144
2 0.683093 0.376293 0.032265 0.050102
2 0.561945 0.377560 0.022802 0.042816
3 0.373820 0.615974 0.026556 0.032722
1 0.797852 0.400207 0.034591 0.055007