1 0.456437 0.412785 0.037149 0.062338
1 0.571531 0.419706 0.028269 0.046297
3 0.644095 0.652312 0.028631 0.040281
1 0.762967 0.419292 0.056318 0.097347
0 0.461230 0.587023 0.109172 0.428685
0 0.568187 0.548398 0.090839 0.318795
3 0.739975 0.779621 0.044434 0.056714
0 0.772022 0.662654 0.155008 0.611324
3 0.576715 0.609427 0.023371 0.031297
2 0.405299 0.421108 0.025874 0.050360
0 0.665731 0.590353 0.142110 0.378949
0 0.401445 0.526059 0.070641 0.279978
1 0.648914 0.451511 0.034934 0.054557
1 0.604703 0.440897 0.025056 0.045146
2 0.604804 0.441000 0.024984 0.044939