1 0.448559 0.427155 0.036979 0.062763
1 0.576295 0.440428 0.030840 0.050001
0 0.827682 0.670772 0.136213 0.528371
0 0.458764 0.608775 0.115926 0.452637
1 0.835627 0.462224 0.048362 0.081520
3 0.652118 0.691929 0.030704 0.040484
1 0.728917 0.476818 0.032032 0.054832
2 0.409832 0.433827 0.028808 0.054670
0 0.577557 0.576445 0.104595 0.341742
2 0.610559 0.463708 0.026617 0.048757
3 0.724374 0.648008 0.024719 0.031473
3 0.820473 0.751655 0.038265 0.044456
1 0.662654 0.472262 0.049899 0.064308
0 0.683202 0.620460 0.172770 0.414076
0 0.400021 0.543547 0.077047 0.304538
3 0.449895 0.684090 0.030621 0.042920
3 0.580249 0.639753 0.025421 0.034381
1 0.734160 0.434655 0.039088 0.063454