0 0.287106 0.855656 0.111840 0.288688
0 0.473446 0.596351 0.080577 0.298783
0 0.422613 0.784573 0.101294 0.369839
1 0.470670 0.477510 0.024551 0.049302
0 0.842289 0.884302 0.111177 0.231395
1 0.287381 0.751834 0.032665 0.059401
0 0.670129 0.564246 0.092723 0.303240
0 0.574071 0.504263 0.069888 0.266485
3 0.683835 0.638756 0.019298 0.025728
1 0.421682 0.637442 0.032774 0.056536
1 0.857815 0.810254 0.035231 0.056801
1 0.677106 0.447568 0.026693 0.048931
3 0.437685 0.891224 0.023412 0.030114
0 0.615815 0.391809 0.067567 0.241146
1 0.573249 0.397389 0.022658 0.043160
1 0.620883 0.297521 0.020476 0.036791
3 0.469673 0.658603 0.021954 0.028908
2 0.283234 0.799280 0.032926 0.053828
3 0.572779 0.567657 0.018579 0.025726
3 0.631660 0.429290 0.012098 0.022308
1 0.567824 0.984415 0.034667 0.031170